$ 1 0.000005 10.20027730826997 50 5 50 5e-11
R 176 288 128 288 0 3 40 5 0 0 0.5
a 304 304 400 304 8 12 -12 1000000 -0.00008011861749043326 0 100000
g 304 320 304 384 0 0
r 400 304 480 304 0 100000
w 304 288 304 240 0
w 304 240 480 240 0
w 480 240 480 304 0
r 480 304 544 304 0 1000
a 544 320 656 320 8 12 -12 1000000 -3.7637684132113424e-8 0 100000
g 544 336 544 416 0 0
r 544 256 656 256 0 47000
w 544 256 544 304 0
w 656 256 656 320 0
w 656 320 704 320 0
a 528 496 624 496 9 15 -15 1000000 -4.791952303565219 -4.792000223088255 100000
w 176 288 176 480 0
w 528 480 176 480 0
w 528 512 528 544 0
w 528 544 624 544 0
w 624 544 624 496 0
w 624 496 704 496 0
r 704 320 704 416 0 1000
r 704 416 704 496 0 1000
w 704 416 816 416 0
174 176 288 256 288 1 50000 0.005 Resistance
w 224 272 224 240 0
w 224 240 176 240 0
w 176 240 176 288 0
r 272 288 304 288 0 10000
o 3 64 0 4098 20 0.025 0 6 3 3 13 0 13 3 0 0 0 3
o 23 64 0 4099 10 0.00009765625 1 2 23 3
