$ 1 0.000005 10.20027730826997 50 5 50 5e-11
R 272 240 160 240 0 3 40 5 0 0 0.5
a 304 256 416 256 9 15 -15 1000000 -2.0519791860672316 -2.0519997058590924 100000
w 304 272 304 320 0
w 304 320 416 320 0
w 416 320 416 256 0
w 304 240 272 240 0
r 272 240 272 320 0 100000
g 272 320 272 352 0 0
w 480 256 480 288 0
w 480 288 512 288 0
d 480 288 480 352 2 default-led
d 512 352 512 288 2 default-led
w 512 352 480 352 0
g 480 352 480 400 0 0
r 416 256 480 256 0 1000
w 544 288 512 288 0
w 656 368 656 304 0
w 544 368 656 368 0
w 544 320 544 368 0
w 656 304 720 304 0
403 64 304 192 368 0 0_64_0_4098_5_0.00009765625_0_2_0_3
403 512 224 640 288 0 16_64_0_4098_1.25_0.00009765625_0_2_16_3
r 720 304 816 304 0 1000
a 816 288 928 288 9 15 -15 1000000 -1.0259841115286092 -1.0259895930336158 100000
w 816 304 816 352 0
w 928 352 928 288 0
r 816 352 928 352 0 1000
a 1120 368 1232 368 9 15 -15 1000000 -0.548117694699143 -0.5481231758760899 100000
w 416 256 416 208 0
w 416 208 688 208 0
w 816 208 816 272 0
403 864 192 992 256 0 25_64_0_4098_2.5_0.003125_0_2_25_3
r 656 368 656 464 0 100000
w 816 656 816 752 0
w 816 752 864 752 0
a 864 768 992 768 8 15 -15 1000000 -0.000020518861469552353 0 100000
w 864 752 864 720 0
r 864 720 992 720 0 100000
w 992 720 992 768 0
g 864 784 864 832 0 0
r 1232 416 1232 528 0 100000
r 688 208 768 208 0 22000
w 768 208 816 208 0
r 768 208 768 256 0 22000
g 768 256 768 272 0 0
r 928 352 1040 352 0 1000
g 1040 416 1040 464 0 0
w 1072 416 1040 416 0
d 1072 416 1072 352 2 default-led
d 1040 352 1040 416 2 default-led
w 1040 352 1072 352 0
w 1072 352 1120 352 0
a 544 304 656 304 9 15 -15 1000000 -1.5038177223963876 -1.5038327605736117 100000
w 1232 368 1232 416 0
w 1232 416 1120 416 0
w 1120 384 1120 416 0
403 1056 208 1184 272 0 53_64_0_4099_1.25_0.00009765625_0_2_53_3
a 1312 352 1424 352 9 15 -15 1000000 -0.27407525000236244 -0.2740752503304155 100000
r 1232 368 1312 368 0 1000
w 928 288 1168 288 0
w 1312 288 1312 336 0
r 1312 400 1424 400 0 1000
w 1424 352 1424 400 0
w 1312 368 1312 400 0
403 1312 176 1440 240 0 62_64_0_4098_1.25_0.00078125_0_2_62_3
r 1424 400 1424 512 0 100000
r 1168 288 1248 288 0 22000
r 1248 288 1248 336 0 22000
g 1248 336 1248 368 0 0
w 1248 288 1312 288 0
a 1072 784 1200 784 8 15 -15 1000000 0.00002051845110053035 0 100000
r 992 768 1072 768 0 100000
r 1072 736 1200 736 0 100000
w 1200 736 1200 784 0
w 1072 736 1072 768 0
g 1072 800 1072 848 0 0
r 1200 784 1296 784 0 1000
O 1296 784 1344 784 0 0
w 1072 736 1072 688 0
S 672 528 672 592 0 1 false 0 2
S 1248 576 1248 656 0 1 false 0 2
S 1440 576 1440 640 0 1 false 0 2
w 816 656 656 656 0
w 656 592 656 656 0
w 816 656 1232 656 0
w 1232 656 1232 672 0
w 1232 672 1424 672 0
w 1424 672 1424 640 0
w 688 592 1072 592 0
w 1264 656 1296 656 0
w 1296 656 1296 592 0
w 1296 592 1072 592 0
w 1456 640 1360 640 0
w 1360 640 1360 592 0
w 1360 592 1296 592 0
w 1072 592 1072 688 0
S 656 464 656 528 0 0 false 0 2
S 1232 528 1232 576 0 0 false 0 2
S 1424 512 1424 576 0 0 false 0 2
o 77 64 0 4098 5 0.1 0 1
