$ 1 0.000005 9.001713130052181 50 5 50 5e-11
a 624 336 832 336 8 15 -15 1000000 0.000007428836921717724 0 100000
R 464 320 320 320 0 3 40 5 0 0 0.5
r 464 320 560 320 0 82000
r 560 320 560 400 0 22000
g 560 400 560 448 0 0
w 560 320 624 320 0
r 624 256 832 256 0 47000
w 624 320 624 256 0
d 736 176 624 176 2 1N4148
d 624 64 736 64 2 1N4148
w 624 64 624 176 0
w 832 176 832 256 0
g 624 352 624 416 0 0
w 832 256 832 336 0
w 1408 368 1536 368 0
d 832 176 736 176 2 1N4148
d 736 64 832 64 2 1N4148
w 624 64 624 16 0
r 624 16 720 16 0 47000
s 720 16 832 16 0 1 false
w 832 16 832 64 0
x 768 -25 921 -22 4 24 soft\sclip\sgain
w 736 176 736 128 0
s 736 128 832 128 0 1 false
w 832 176 832 128 0
w 832 128 832 64 0
x 863 125 1086 128 4 24 soft\sclip\ssymmetry
w 976 512 976 608 0
w 976 608 944 608 0
w 976 608 1008 608 0
d 944 608 944 704 2 1N4148
d 1008 704 1008 608 2 1N4148
w 944 704 1008 704 0
g 1008 704 1008 752 0 0
r 976 352 1104 352 0 10000
w 1344 288 1344 368 0
a 1200 368 1344 368 8 15 -15 1000000 -0.000034673031131376866 0 100000
r 1344 288 1200 288 0 100000
w 1200 288 1200 352 0
g 1200 384 1200 416 0 0
r 1344 368 1408 368 0 1000
a 832 352 976 352 9 15 -15 1000000 -0.7428762634091384 -0.7428836921717724 100000
w 976 352 976 416 0
w 976 416 832 416 0
w 832 416 832 368 0
r 1104 352 1200 352 0 10000
s 624 176 624 256 0 0 false
x 428 226 611 229 4 24 soft\sclip\senable
s 976 512 1104 512 0 0 false
x 888 485 1080 488 4 24 hard\sclip\senable
w 1104 352 1104 512 0
w 944 608 896 608 0
s 800 608 896 608 0 1 false
34 Ge\s1N34A\scustom 1 2e-10 0.084 0.5193587669621001 60 1
d 800 608 800 704 2 Ge\s1N34A\scustom
d 752 704 752 608 2 Ge\s1N34A\scustom
w 752 608 800 608 0
w 752 704 800 704 0
w 800 704 944 704 0
x 723 575 873 578 4 24 Ge\sdeep\sclip
w 1200 288 1200 208 0
r 1200 208 1248 208 0 240000
w 1344 208 1344 288 0
s 1248 208 1344 208 0 1 false
x 1262 168 1410 171 4 24 Output\slevel
o 1 16 0 12290 4.999999932136021 0.0001 0 4 1 3 14 0 14 3
