$ 1 0.000005 10.20027730826997 50 5 50 5e-11
R 128 304 64 304 0 3 200 5 0 0 0.5
a 208 320 304 320 8 15 -15 1000000 -0.00001251975288961218 0 100000
r 128 304 208 304 0 100000
g 208 336 208 400 0 0
g 400 352 400 416 0 0
a 400 336 496 336 8 15 -15 1000000 0.0001072089102864589 0 100000
w 208 304 208 272 0
r 208 272 304 272 0 100000
w 304 272 304 320 0
r 304 320 400 320 0 1000
w 400 320 400 288 0
w 496 288 496 336 0
w 720 320 784 320 0
w 304 320 304 528 0
a 624 320 720 320 8 15 -15 1000000 -0.00003493639053659969 0 100000
r 496 336 560 336 0 10000
r 624 272 720 272 0 6800
w 560 304 560 336 0
w 720 272 720 320 0
g 624 336 624 368 0 0
w 560 528 560 432 0
w 560 528 304 528 0
w 624 304 560 304 0
w 624 272 624 304 0
174 560 336 560 432 1 3000 0.7475 Resistance
w 576 384 576 432 0
w 576 432 560 432 0
174 400 288 496 272 1 10000 0.1436 Resistance
w 448 272 400 272 0
w 400 272 400 288 0
403 592 576 720 640 0 12_64_0_70656_5_0.00009765625_0_2_12_3
o 12 8 0 12290 4.992000328325848 0.0001 0 4 12 3 0 0 0 3
