$ 1 0.000005 25.510281670702206 50 5 50 5e-11
O 592 32 704 32 0 0
g 256 144 256 176 0 0
r 96 16 256 16 0 1000
c 256 16 256 144 0 0.000001 -4.458435357870746 0.001
170 -176 0 -208 0 3 20 1000 5 0.1
a -16 16 96 16 8 15 -15 1000000 0.00004140308298245574 0 100000
r -16 0 -96 0 0 22000
w -16 0 -16 -48 0
w 96 -48 96 16 0
r -16 -48 96 -48 0 22000
g -16 32 -16 80 0 0
w -176 0 -96 0 0
a 368 32 496 32 8 15 -15 1000000 -0.00004078915943916863 0 100000
r 256 16 368 16 0 47000
r 368 -32 496 -32 0 43000
w 368 -32 368 16 0
w 496 -32 496 32 0
g 368 48 368 80 0 0
g 368 368 368 400 0 0
w 496 288 496 352 0
w 368 288 368 336 0
r 368 288 496 288 0 218000
r 256 336 368 336 0 47000
a 368 352 496 352 8 15 -15 1000000 0.000003489786522954361 0 100000
g -96 352 -96 400 0 0
r -96 272 16 272 0 22000
w 16 272 16 336 0
w -96 320 -96 272 0
r -96 320 -176 320 0 22000
a -96 336 16 336 8 15 -15 1000000 0.00004140308298245575 0 100000
c 96 336 256 336 0 0.000001 -4.4958287777143235 0.001
r 256 464 256 336 0 270
g 256 464 256 496 0 0
x 187 280 311 283 4 24 590\sHz\sHP
x 219 -95 338 -92 4 24 160\sHz\sLP
r 96 336 16 336 0 1000
O 592 352 720 352 0 0
w -176 0 -176 320 0
r 496 32 592 32 0 1000
r 496 352 592 352 0 1000
w 592 32 592 176 0
w 592 176 592 352 0
w 592 176 736 176 0
a 736 192 864 192 9 15 -15 1000000 1.8649313471837703 1.864968645810714 100000
w 864 192 864 240 0
w 736 240 736 208 0
r 864 240 736 240 0 1000
r 736 240 736 288 0 1000
g 736 288 736 320 0 0
w 864 192 928 192 0
o 4 32 0 4098 10 0.00009765625 0 4 4 3 49 0 49 3
o 0 32 0 4098 5 0.00009765625 1 1
o 36 32 0 4098 5 0.1 2 1
h 3 2 3
