$ 1 0.000005 10.20027730826997 50 5 50 5e-11
a 192 512 320 512 8 15 -15 1000000 0.13730421312965574 0.13729866919633987 100000
R 96 240 32 240 0 3 40 5 0 0 0.5
r 192 448 320 448 0 2000
w 192 448 192 496 0
w 320 448 320 512 0
r 192 496 112 496 0 1000
w 320 512 352 512 0
a 400 528 512 528 8 15 -15 1000000 -0.000025198299530010324 0 100000
r 96 240 160 240 0 100000
w 160 240 160 208 0
r 160 208 272 208 0 47000
w 272 208 272 256 0
g 160 272 160 320 0 0
a 160 256 272 256 8 15 -15 1000000 -0.000004831529854873106 0 100000
r 400 512 352 512 0 22000
w 400 512 400 464 0
r 400 464 512 464 0 100000
w 512 464 512 528 0
w 592 528 656 528 0
g 400 544 400 608 0 0
d 112 496 112 528 2 default
d 80 528 80 496 2 default
w 112 496 80 496 0
w 112 528 80 528 0
r 80 528 80 608 0 1000
g 80 608 80 640 0 0
w 112 528 192 528 0
w 272 256 272 384 0
w 272 384 80 384 0
w 80 384 80 496 0
r 592 528 512 528 0 1000
o 1 64 0 4098 20 0.00009765625 0 4 1 3 18 0 18 3
