$ 1 0.000005 10.20027730826997 50 5 50 5e-11
R 144 304 64 304 0 3 40 5 0 0 0.5
a 224 320 352 320 8 15 -15 1000000 0.0000015351375086137038 0 100000
r 144 304 224 304 0 100000
g 224 336 224 400 0 0
r 224 256 352 256 0 47000
w 224 256 224 304 0
w 352 256 352 320 0
w 352 256 352 192 0
r 352 192 272 192 0 22000
d 272 192 224 192 2 1N4148
d 224 160 272 160 2 1N4148
w 272 160 272 192 0
w 224 160 224 192 0
w 224 192 224 256 0
w 496 320 560 320 0
r 352 320 432 320 0 2200
a 560 336 656 336 8 15 -15 1000000 -0.000012571948152081654 0 100000
g 560 352 560 416 0 0
r 560 272 656 272 0 100000
r 656 336 736 336 0 1000
w 656 272 656 336 0
w 560 272 560 320 0
w 736 336 800 336 0
r 432 320 496 320 0 10000
w 432 320 432 368 0
d 432 368 432 432 2 1N4148
d 416 432 416 368 2 1N4148
w 416 368 432 368 0
w 416 432 432 432 0
g 432 432 432 448 0 0
o 14 64 3 12290 5.249713176111725 0.0001 0 5 22 0 22 3 0 0 0 3
